1.89  42.782372   -96.930583
3.47  42.781342   -96.929216
3.61  42.778378   -96.935334
3.61  42.779973   -96.924282
23.2  42.779475   -96.915800
3.68  42.783894   -96.936982
0.774 42.787751   -96.915891
5.01  42.784028   -96.932348
1.45  42.786846   -96.913451
6.04  42.786846   -96.913451
4.29  42.773104   -96.910568
0.751 42.785242   -96.919986
1.63  42.784938   -96.912358
6.51  42.784938   -96.912358
3.31  42.786107   -96.929617
1.4   42.781717   -96.924288
4.2   42.779743   -96.921403
1.44  42.787067   -96.928982
9.71  42.787785   -96.957017
14.4  42.783540   -96.915221
7.95  42.776014   -96.916231
2.66  42.775550   -96.925648
0.249 42.777315   -96.941715
0.289 42.791478   -96.927895
4.49  42.786847   -96.928936
6.04  42.776420   -96.916057
2.06  42.788754   -96.932279
4.34  42.78337    -96.91544
1.94  42.77535    -96.92409
4.65  42.77891    -96.88327
6.34  42.781673   -96.921472
2.75  42.782854   -96.926353
10.3  42.809056   -96.845878
2.89  42.782798   -96.938014
1.84  42.785879   -96.929606
2.04  42.772493   -96.910329
2.14  42.780987   -96.927536
1.65  42.772258   -96.923765